serial_jarvis	5	188057820.000000	1
parallel_jarvis	5	308714780.000000	1
serial_graham	5	544210700.000000	1
parallel_graham	5	509554540.000000	1
serial_chans	5	331816060.000000	1
parallel_chans	5	749327100.000000	1
serial_qh	5	118003620.000000	1
parallel_qh	5	117170200.000000	1
serial_jarvis	5	175124380.000000	2
parallel_jarvis	5	146444240.000000	2
serial_graham	5	533614480.000000	2
parallel_graham	5	287366360.000000	2
serial_chans	5	296503400.000000	2
parallel_chans	5	369361000.000000	2
serial_qh	5	138484140.000000	2
parallel_qh	5	80715240.000000	2
serial_jarvis	5	251827980.000000	4
parallel_jarvis	5	111677500.000000	4
serial_graham	5	532736840.000000	4
parallel_graham	5	180541500.000000	4
serial_chans	5	300913140.000000	4
parallel_chans	5	205197340.000000	4
serial_qh	5	115310320.000000	4
parallel_qh	5	67189460.000000	4
serial_jarvis	5	150046400.000000	8
parallel_jarvis	5	61403860.000000	8
serial_graham	5	527106740.000000	8
parallel_graham	5	145157780.000000	8
serial_chans	5	293813720.000000	8
parallel_chans	5	134664660.000000	8
serial_qh	5	105275500.000000	8
parallel_qh	5	54121740.000000	8
serial_jarvis	5	182954480.000000	16
parallel_jarvis	5	77116900.000000	16
serial_graham	5	576353020.000000	16
parallel_graham	5	151504880.000000	16
serial_chans	5	334037780.000000	16
parallel_chans	5	105813740.000000	16
serial_qh	5	159230580.000000	16
parallel_qh	5	95160700.000000	16
serial_jarvis	5	187335460.000000	32
parallel_jarvis	5	78237040.000000	32
serial_graham	5	520315340.000000	32
parallel_graham	5	140239580.000000	32
serial_chans	5	348889520.000000	32
parallel_chans	5	115726940.000000	32
serial_qh	5	122075360.000000	32
parallel_qh	5	57699320.000000	32
serial_jarvis	5	209453780.000000	64
parallel_jarvis	5	83815080.000000	64
serial_graham	5	541807220.000000	64
parallel_graham	5	135620960.000000	64
serial_chans	5	299851320.000000	64
parallel_chans	5	105571020.000000	64
serial_qh	5	120492360.000000	64
parallel_qh	5	69315580.000000	64
